18, 0, 4
19, 0, 4
20, 0, 4
21, 0, 4
22, 0, 4
23, 0, 4
25, 0, 4
26, 0, 4
27, 0, 4
28, 0, 4
29, 0, 4
30, 0, 4
18, 0, 5
19, 0, 5
20, 0, 5
21, 0, 5
22, 0, 5
23, 0, 5
25, 0, 5
26, 0, 5
27, 0, 5
28, 0, 5
29, 0, 5
30, 0, 5
18, 0, 6
19, 0, 6
20, 0, 6
21, 0, 6
22, 0, 6
23, 0, 6
25, 0, 6
26, 0, 6
27, 0, 6
28, 0, 6
29, 0, 6
30, 0, 6
18, 0, 7
19, 0, 7
20, 0, 7
21, 0, 7
22, 0, 7
23, 0, 7
25, 0, 7
26, 0, 7
27, 0, 7
28, 0, 7
29, 0, 7
30, 0, 7
17, 0, 8
18, 0, 8
19, 0, 8
20, 0, 8
21, 0, 8
22, 0, 8
23, 0, 8
25, 0, 8
26, 0, 8
27, 0, 8
28, 0, 8
29, 0, 8
30, 0, 8
31, 0, 8
17, 0, 9
18, 0, 9
19, 0, 9
20, 0, 9
21, 0, 9
22, 0, 9
23, 0, 9
25, 0, 9
26, 0, 9
27, 0, 9
28, 0, 9
29, 0, 9
30, 0, 9
31, 0, 9
17, 0, 10
18, 0, 10
19, 0, 10
20, 0, 10
21, 0, 10
22, 0, 10
23, 0, 10
25, 0, 10
26, 0, 10
27, 0, 10
28, 0, 10
29, 0, 10
30, 0, 10
31, 0, 10
17, 0, 11
18, 0, 11
19, 0, 11
20, 0, 11
21, 0, 11
22, 0, 11
23, 0, 11
24, 0, 11
25, 0, 11
26, 0, 11
27, 0, 11
28, 0, 11
29, 0, 11
30, 0, 11
31, 0, 11
17, 0, 12
18, 0, 12
19, 0, 12
20, 0, 12
21, 0, 12
22, 0, 12
23, 0, 12
24, 0, 12
25, 0, 12
26, 0, 12
27, 0, 12
28, 0, 12
29, 0, 12
30, 0, 12
31, 0, 12
17, 0, 13
18, 0, 13
19, 0, 13
20, 0, 13
21, 0, 13
22, 0, 13
23, 0, 13
24, 0, 13
25, 0, 13
26, 0, 13
27, 0, 13
28, 0, 13
29, 0, 13
30, 0, 13
31, 0, 13
17, 0, 14
18, 0, 14
19, 0, 14
20, 0, 14
21, 0, 14
22, 0, 14
23, 0, 14
24, 0, 14
25, 0, 14
26, 0, 14
27, 0, 14
28, 0, 14
29, 0, 14
30, 0, 14
31, 0, 14
18, 0, 15
19, 0, 15
20, 0, 15
21, 0, 15
22, 0, 15
23, 0, 15
25, 0, 15
26, 0, 15
27, 0, 15
28, 0, 15
29, 0, 15
30, 0, 15
19, 0, 16
20, 0, 16
21, 0, 16
22, 0, 16
26, 0, 16
27, 0, 16
28, 0, 16
29, 0, 16
19, 1, 3
20, 1, 3
21, 1, 3
22, 1, 3
26, 1, 3
27, 1, 3
28, 1, 3
29, 1, 3
18, 1, 4
23, 1, 4
25, 1, 4
30, 1, 4
17, 1, 5
23, 1, 5
25, 1, 5
31, 1, 5
17, 1, 6
23, 1, 6
25, 1, 6
31, 1, 6
17, 1, 7
23, 1, 7
25, 1, 7
31, 1, 7
17, 1, 8
24, 1, 8
31, 1, 8
16, 1, 9
24, 1, 9
32, 1, 9
16, 1, 10
24, 1, 10
32, 1, 10
16, 1, 11
32, 1, 11
16, 1, 12
32, 1, 12
16, 1, 13
32, 1, 13
17, 1, 14
31, 1, 14
17, 1, 15
24, 1, 15
31, 1, 15
18, 1, 16
19, 1, 16
20, 1, 16
21, 1, 16
22, 1, 16
23, 1, 16
25, 1, 16
26, 1, 16
27, 1, 16
28, 1, 16
29, 1, 16
30, 1, 16
19, 2, 3
20, 2, 3
21, 2, 3
22, 2, 3
26, 2, 3
27, 2, 3
28, 2, 3
29, 2, 3
18, 2, 4
23, 2, 4
25, 2, 4
30, 2, 4
17, 2, 5
23, 2, 5
25, 2, 5
31, 2, 5
17, 2, 6
23, 2, 6
25, 2, 6
31, 2, 6
17, 2, 7
23, 2, 7
25, 2, 7
31, 2, 7
17, 2, 8
24, 2, 8
31, 2, 8
16, 2, 9
32, 2, 9
16, 2, 10
32, 2, 10
16, 2, 11
32, 2, 11
16, 2, 12
32, 2, 12
16, 2, 13
32, 2, 13
17, 2, 14
31, 2, 14
17, 2, 15
24, 2, 15
31, 2, 15
18, 2, 16
19, 2, 16
20, 2, 16
21, 2, 16
22, 2, 16
23, 2, 16
25, 2, 16
26, 2, 16
27, 2, 16
28, 2, 16
29, 2, 16
30, 2, 16
19, 3, 3
20, 3, 3
21, 3, 3
22, 3, 3
26, 3, 3
27, 3, 3
28, 3, 3
29, 3, 3
18, 3, 4
23, 3, 4
25, 3, 4
30, 3, 4
18, 3, 5
23, 3, 5
25, 3, 5
30, 3, 5
17, 3, 6
23, 3, 6
25, 3, 6
31, 3, 6
17, 3, 7
23, 3, 7
25, 3, 7
31, 3, 7
17, 3, 8
24, 3, 8
31, 3, 8
17, 3, 9
31, 3, 9
16, 3, 10
32, 3, 10
16, 3, 11
32, 3, 11
16, 3, 12
32, 3, 12
16, 3, 13
32, 3, 13
17, 3, 14
31, 3, 14
17, 3, 15
24, 3, 15
31, 3, 15
18, 3, 16
19, 3, 16
20, 3, 16
21, 3, 16
22, 3, 16
23, 3, 16
25, 3, 16
26, 3, 16
27, 3, 16
28, 3, 16
29, 3, 16
30, 3, 16
20, 4, 3
21, 4, 3
27, 4, 3
28, 4, 3
18, 4, 4
19, 4, 4
22, 4, 4
23, 4, 4
25, 4, 4
26, 4, 4
29, 4, 4
30, 4, 4
17, 4, 5
23, 4, 5
25, 4, 5
31, 4, 5
17, 4, 6
24, 4, 6
31, 4, 6
17, 4, 7
24, 4, 7
31, 4, 7
17, 4, 8
31, 4, 8
17, 4, 9
31, 4, 9
17, 4, 10
31, 4, 10
17, 4, 11
24, 4, 11
31, 4, 11
17, 4, 12
24, 4, 12
31, 4, 12
17, 4, 13
24, 4, 13
31, 4, 13
17, 4, 14
24, 4, 14
31, 4, 14
17, 4, 15
23, 4, 15
25, 4, 15
31, 4, 15
18, 4, 16
19, 4, 16
20, 4, 16
21, 4, 16
22, 4, 16
26, 4, 16
27, 4, 16
28, 4, 16
29, 4, 16
30, 4, 16
20, 5, 3
21, 5, 3
27, 5, 3
28, 5, 3
18, 5, 4
19, 5, 4
22, 5, 4
23, 5, 4
25, 5, 4
26, 5, 4
29, 5, 4
30, 5, 4
17, 5, 5
23, 5, 5
25, 5, 5
31, 5, 5
17, 5, 6
24, 5, 6
31, 5, 6
17, 5, 7
31, 5, 7
17, 5, 8
31, 5, 8
17, 5, 9
31, 5, 9
17, 5, 10
24, 5, 10
31, 5, 10
17, 5, 11
23, 5, 11
25, 5, 11
31, 5, 11
17, 5, 12
23, 5, 12
25, 5, 12
31, 5, 12
17, 5, 13
23, 5, 13
25, 5, 13
31, 5, 13
18, 5, 14
23, 5, 14
25, 5, 14
30, 5, 14
18, 5, 15
19, 5, 15
20, 5, 15
21, 5, 15
22, 5, 15
26, 5, 15
27, 5, 15
28, 5, 15
29, 5, 15
30, 5, 15
20, 6, 3
21, 6, 3
27, 6, 3
28, 6, 3
18, 6, 4
19, 6, 4
22, 6, 4
23, 6, 4
25, 6, 4
26, 6, 4
29, 6, 4
30, 6, 4
18, 6, 5
23, 6, 5
25, 6, 5
30, 6, 5
17, 6, 6
24, 6, 6
31, 6, 6
17, 6, 7
31, 6, 7
17, 6, 8
31, 6, 8
17, 6, 9
31, 6, 9
17, 6, 10
24, 6, 10
31, 6, 10
17, 6, 11
23, 6, 11
25, 6, 11
31, 6, 11
18, 6, 12
23, 6, 12
25, 6, 12
30, 6, 12
18, 6, 13
19, 6, 13
22, 6, 13
23, 6, 13
25, 6, 13
26, 6, 13
29, 6, 13
30, 6, 13
18, 6, 14
19, 6, 14
20, 6, 14
21, 6, 14
22, 6, 14
26, 6, 14
27, 6, 14
28, 6, 14
29, 6, 14
30, 6, 14
18, 7, 4
19, 7, 4
20, 7, 4
21, 7, 4
22, 7, 4
26, 7, 4
27, 7, 4
28, 7, 4
29, 7, 4
30, 7, 4
18, 7, 5
23, 7, 5
25, 7, 5
30, 7, 5
17, 7, 6
24, 7, 6
31, 7, 6
17, 7, 7
24, 7, 7
31, 7, 7
17, 7, 8
24, 7, 8
31, 7, 8
17, 7, 9
24, 7, 9
31, 7, 9
17, 7, 10
23, 7, 10
25, 7, 10
31, 7, 10
18, 7, 11
23, 7, 11
25, 7, 11
30, 7, 11
18, 7, 12
19, 7, 12
22, 7, 12
23, 7, 12
25, 7, 12
26, 7, 12
29, 7, 12
30, 7, 12
20, 7, 13
21, 7, 13
27, 7, 13
28, 7, 13
19, 8, 4
20, 8, 4
21, 8, 4
22, 8, 4
26, 8, 4
27, 8, 4
28, 8, 4
29, 8, 4
18, 8, 5
23, 8, 5
25, 8, 5
30, 8, 5
18, 8, 6
23, 8, 6
25, 8, 6
30, 8, 6
18, 8, 7
23, 8, 7
25, 8, 7
30, 8, 7
18, 8, 8
23, 8, 8
25, 8, 8
30, 8, 8
18, 8, 9
23, 8, 9
25, 8, 9
30, 8, 9
18, 8, 10
23, 8, 10
25, 8, 10
30, 8, 10
18, 8, 11
23, 8, 11
25, 8, 11
30, 8, 11
19, 8, 12
20, 8, 12
21, 8, 12
22, 8, 12
26, 8, 12
27, 8, 12
28, 8, 12
29, 8, 12
19, 9, 5
20, 9, 5
21, 9, 5
22, 9, 5
23, 9, 5
25, 9, 5
26, 9, 5
27, 9, 5
28, 9, 5
29, 9, 5
18, 9, 6
23, 9, 6
25, 9, 6
30, 9, 6
18, 9, 7
24, 9, 7
30, 9, 7
18, 9, 8
24, 9, 8
30, 9, 8
18, 9, 9
24, 9, 9
30, 9, 9
18, 9, 10
23, 9, 10
25, 9, 10
30, 9, 10
18, 9, 11
23, 9, 11
25, 9, 11
30, 9, 11
19, 9, 12
20, 9, 12
21, 9, 12
22, 9, 12
26, 9, 12
27, 9, 12
28, 9, 12
29, 9, 12
19, 10, 4
20, 10, 4
21, 10, 4
22, 10, 4
26, 10, 4
27, 10, 4
28, 10, 4
29, 10, 4
18, 10, 5
23, 10, 5
25, 10, 5
30, 10, 5
18, 10, 6
24, 10, 6
30, 10, 6
18, 10, 7
30, 10, 7
18, 10, 8
30, 10, 8
18, 10, 9
24, 10, 9
30, 10, 9
18, 10, 10
23, 10, 10
25, 10, 10
30, 10, 10
18, 10, 11
19, 10, 11
23, 10, 11
25, 10, 11
29, 10, 11
30, 10, 11
20, 10, 12
21, 10, 12
22, 10, 12
26, 10, 12
27, 10, 12
28, 10, 12
19, 11, 4
20, 11, 4
21, 11, 4
22, 11, 4
26, 11, 4
27, 11, 4
28, 11, 4
29, 11, 4
18, 11, 5
23, 11, 5
25, 11, 5
30, 11, 5
18, 11, 6
24, 11, 6
30, 11, 6
18, 11, 7
30, 11, 7
18, 11, 8
30, 11, 8
18, 11, 9
24, 11, 9
30, 11, 9
18, 11, 10
23, 11, 10
25, 11, 10
30, 11, 10
18, 11, 11
23, 11, 11
25, 11, 11
30, 11, 11
19, 11, 12
20, 11, 12
21, 11, 12
22, 11, 12
26, 11, 12
27, 11, 12
28, 11, 12
29, 11, 12
19, 12, 5
20, 12, 5
21, 12, 5
22, 12, 5
23, 12, 5
25, 12, 5
26, 12, 5
27, 12, 5
28, 12, 5
29, 12, 5
18, 12, 6
24, 12, 6
30, 12, 6
18, 12, 7
30, 12, 7
18, 12, 8
30, 12, 8
18, 12, 9
24, 12, 9
30, 12, 9
18, 12, 10
23, 12, 10
25, 12, 10
30, 12, 10
18, 12, 11
23, 12, 11
25, 12, 11
30, 12, 11
19, 12, 12
20, 12, 12
21, 12, 12
22, 12, 12
26, 12, 12
27, 12, 12
28, 12, 12
29, 12, 12
22, 13, 4
26, 13, 4
19, 13, 5
20, 13, 5
21, 13, 5
23, 13, 5
25, 13, 5
27, 13, 5
28, 13, 5
29, 13, 5
18, 13, 6
24, 13, 6
30, 13, 6
18, 13, 7
30, 13, 7
18, 13, 8
30, 13, 8
18, 13, 9
30, 13, 9
18, 13, 10
24, 13, 10
30, 13, 10
18, 13, 11
23, 13, 11
25, 13, 11
30, 13, 11
19, 13, 12
20, 13, 12
21, 13, 12
22, 13, 12
23, 13, 12
25, 13, 12
26, 13, 12
27, 13, 12
28, 13, 12
29, 13, 12
21, 14, 3
22, 14, 3
26, 14, 3
27, 14, 3
19, 14, 4
20, 14, 4
21, 14, 4
23, 14, 4
24, 14, 4
25, 14, 4
27, 14, 4
28, 14, 4
29, 14, 4
18, 14, 5
24, 14, 5
30, 14, 5
18, 14, 6
30, 14, 6
18, 14, 7
30, 14, 7
18, 14, 8
30, 14, 8
18, 14, 9
30, 14, 9
18, 14, 10
30, 14, 10
18, 14, 11
24, 14, 11
30, 14, 11
18, 14, 12
19, 14, 12
24, 14, 12
29, 14, 12
30, 14, 12
20, 14, 13
21, 14, 13
22, 14, 13
23, 14, 13
24, 14, 13
25, 14, 13
26, 14, 13
27, 14, 13
28, 14, 13
24, 14, 14
20, 15, 3
21, 15, 3
22, 15, 3
23, 15, 3
24, 15, 3
25, 15, 3
26, 15, 3
27, 15, 3
28, 15, 3
18, 15, 4
19, 15, 4
29, 15, 4
30, 15, 4
18, 15, 5
30, 15, 5
17, 15, 6
31, 15, 6
17, 15, 7
31, 15, 7
17, 15, 8
31, 15, 8
17, 15, 9
31, 15, 9
18, 15, 10
30, 15, 10
18, 15, 11
30, 15, 11
18, 15, 12
30, 15, 12
19, 15, 13
29, 15, 13
20, 15, 14
21, 15, 14
22, 15, 14
23, 15, 14
25, 15, 14
26, 15, 14
27, 15, 14
28, 15, 14
24, 15, 15
19, 16, 3
20, 16, 3
21, 16, 3
22, 16, 3
23, 16, 3
24, 16, 3
25, 16, 3
26, 16, 3
27, 16, 3
28, 16, 3
29, 16, 3
18, 16, 4
30, 16, 4
18, 16, 5
30, 16, 5
17, 16, 6
31, 16, 6
17, 16, 7
31, 16, 7
17, 16, 8
31, 16, 8
17, 16, 9
31, 16, 9
17, 16, 10
31, 16, 10
17, 16, 11
31, 16, 11
18, 16, 12
30, 16, 12
19, 16, 13
29, 16, 13
19, 16, 14
20, 16, 14
21, 16, 14
27, 16, 14
28, 16, 14
29, 16, 14
22, 16, 15
23, 16, 15
24, 16, 15
25, 16, 15
26, 16, 15
19, 17, 3
20, 17, 3
21, 17, 3
22, 17, 3
23, 17, 3
24, 17, 3
25, 17, 3
26, 17, 3
27, 17, 3
28, 17, 3
29, 17, 3
18, 17, 4
30, 17, 4
18, 17, 5
30, 17, 5
17, 17, 6
31, 17, 6
17, 17, 7
31, 17, 7
17, 17, 8
31, 17, 8
17, 17, 9
31, 17, 9
17, 17, 10
31, 17, 10
17, 17, 11
31, 17, 11
18, 17, 12
30, 17, 12
18, 17, 13
30, 17, 13
19, 17, 14
29, 17, 14
20, 17, 15
21, 17, 15
22, 17, 15
23, 17, 15
24, 17, 15
25, 17, 15
26, 17, 15
27, 17, 15
28, 17, 15
19, 18, 3
20, 18, 3
21, 18, 3
22, 18, 3
23, 18, 3
24, 18, 3
25, 18, 3
26, 18, 3
27, 18, 3
28, 18, 3
29, 18, 3
18, 18, 4
30, 18, 4
17, 18, 5
31, 18, 5
17, 18, 6
31, 18, 6
17, 18, 7
31, 18, 7
17, 18, 8
31, 18, 8
17, 18, 9
31, 18, 9
17, 18, 10
31, 18, 10
17, 18, 11
31, 18, 11
17, 18, 12
31, 18, 12
18, 18, 13
30, 18, 13
18, 18, 14
19, 18, 14
29, 18, 14
30, 18, 14
20, 18, 15
21, 18, 15
22, 18, 15
23, 18, 15
25, 18, 15
26, 18, 15
27, 18, 15
28, 18, 15
24, 18, 16
19, 19, 3
20, 19, 3
21, 19, 3
22, 19, 3
23, 19, 3
24, 19, 3
25, 19, 3
26, 19, 3
27, 19, 3
28, 19, 3
29, 19, 3
18, 19, 4
30, 19, 4
17, 19, 5
31, 19, 5
17, 19, 6
31, 19, 6
17, 19, 7
31, 19, 7
17, 19, 8
31, 19, 8
17, 19, 9
31, 19, 9
17, 19, 10
31, 19, 10
17, 19, 11
31, 19, 11
17, 19, 12
31, 19, 12
18, 19, 13
30, 19, 13
18, 19, 14
19, 19, 14
29, 19, 14
30, 19, 14
20, 19, 15
21, 19, 15
27, 19, 15
28, 19, 15
22, 19, 16
23, 19, 16
24, 19, 16
25, 19, 16
26, 19, 16
20, 20, 3
21, 20, 3
22, 20, 3
23, 20, 3
24, 20, 3
25, 20, 3
26, 20, 3
27, 20, 3
28, 20, 3
18, 20, 4
19, 20, 4
29, 20, 4
30, 20, 4
17, 20, 5
31, 20, 5
17, 20, 6
31, 20, 6
17, 20, 7
31, 20, 7
17, 20, 8
31, 20, 8
17, 20, 9
31, 20, 9
17, 20, 10
31, 20, 10
17, 20, 11
31, 20, 11
17, 20, 12
31, 20, 12
18, 20, 13
30, 20, 13
18, 20, 14
30, 20, 14
19, 20, 15
20, 20, 15
21, 20, 15
27, 20, 15
28, 20, 15
29, 20, 15
22, 20, 16
23, 20, 16
24, 20, 16
25, 20, 16
26, 20, 16
20, 21, 3
21, 21, 3
22, 21, 3
23, 21, 3
24, 21, 3
25, 21, 3
26, 21, 3
27, 21, 3
28, 21, 3
18, 21, 4
19, 21, 4
29, 21, 4
30, 21, 4
17, 21, 5
31, 21, 5
17, 21, 6
31, 21, 6
17, 21, 7
31, 21, 7
17, 21, 8
31, 21, 8
17, 21, 9
31, 21, 9
17, 21, 10
31, 21, 10
17, 21, 11
31, 21, 11
17, 21, 12
31, 21, 12
18, 21, 13
30, 21, 13
18, 21, 14
30, 21, 14
19, 21, 15
20, 21, 15
21, 21, 15
22, 21, 15
26, 21, 15
27, 21, 15
28, 21, 15
29, 21, 15
23, 21, 16
24, 21, 16
25, 21, 16
20, 22, 3
21, 22, 3
22, 22, 3
23, 22, 3
24, 22, 3
25, 22, 3
26, 22, 3
27, 22, 3
28, 22, 3
18, 22, 4
19, 22, 4
29, 22, 4
30, 22, 4
17, 22, 5
31, 22, 5
17, 22, 6
31, 22, 6
17, 22, 7
31, 22, 7
17, 22, 8
31, 22, 8
17, 22, 9
31, 22, 9
17, 22, 10
31, 22, 10
17, 22, 11
31, 22, 11
18, 22, 12
30, 22, 12
18, 22, 13
30, 22, 13
19, 22, 14
29, 22, 14
19, 22, 15
20, 22, 15
21, 22, 15
22, 22, 15
23, 22, 15
24, 22, 15
25, 22, 15
26, 22, 15
27, 22, 15
28, 22, 15
29, 22, 15
19, 23, 3
20, 23, 3
21, 23, 3
22, 23, 3
23, 23, 3
24, 23, 3
25, 23, 3
26, 23, 3
27, 23, 3
28, 23, 3
29, 23, 3
18, 23, 4
30, 23, 4
18, 23, 5
30, 23, 5
8, 23, 6
9, 23, 6
17, 23, 6
31, 23, 6
39, 23, 6
40, 23, 6
8, 23, 7
9, 23, 7
10, 23, 7
17, 23, 7
31, 23, 7
38, 23, 7
39, 23, 7
40, 23, 7
8, 23, 8
9, 23, 8
10, 23, 8
17, 23, 8
31, 23, 8
38, 23, 8
39, 23, 8
40, 23, 8
17, 23, 9
31, 23, 9
17, 23, 10
31, 23, 10
17, 23, 11
31, 23, 11
18, 23, 12
30, 23, 12
18, 23, 13
30, 23, 13
19, 23, 14
29, 23, 14
19, 23, 15
20, 23, 15
21, 23, 15
22, 23, 15
23, 23, 15
24, 23, 15
25, 23, 15
26, 23, 15
27, 23, 15
28, 23, 15
29, 23, 15
19, 24, 3
20, 24, 3
21, 24, 3
22, 24, 3
23, 24, 3
24, 24, 3
25, 24, 3
26, 24, 3
27, 24, 3
28, 24, 3
29, 24, 3
18, 24, 4
30, 24, 4
5, 24, 5
6, 24, 5
7, 24, 5
8, 24, 5
9, 24, 5
10, 24, 5
13, 24, 5
14, 24, 5
15, 24, 5
16, 24, 5
17, 24, 5
31, 24, 5
32, 24, 5
33, 24, 5
34, 24, 5
35, 24, 5
38, 24, 5
39, 24, 5
40, 24, 5
41, 24, 5
42, 24, 5
43, 24, 5
5, 24, 6
6, 24, 6
7, 24, 6
10, 24, 6
11, 24, 6
12, 24, 6
13, 24, 6
14, 24, 6
15, 24, 6
16, 24, 6
32, 24, 6
33, 24, 6
34, 24, 6
35, 24, 6
36, 24, 6
37, 24, 6
38, 24, 6
41, 24, 6
42, 24, 6
43, 24, 6
5, 24, 7
6, 24, 7
7, 24, 7
11, 24, 7
12, 24, 7
13, 24, 7
14, 24, 7
15, 24, 7
16, 24, 7
32, 24, 7
33, 24, 7
34, 24, 7
35, 24, 7
36, 24, 7
37, 24, 7
41, 24, 7
42, 24, 7
43, 24, 7
5, 24, 8
6, 24, 8
7, 24, 8
11, 24, 8
12, 24, 8
13, 24, 8
14, 24, 8
15, 24, 8
16, 24, 8
32, 24, 8
33, 24, 8
34, 24, 8
35, 24, 8
36, 24, 8
37, 24, 8
41, 24, 8
42, 24, 8
43, 24, 8
4, 24, 9
5, 24, 9
6, 24, 9
7, 24, 9
8, 24, 9
9, 24, 9
10, 24, 9
11, 24, 9
12, 24, 9
13, 24, 9
14, 24, 9
15, 24, 9
16, 24, 9
32, 24, 9
33, 24, 9
34, 24, 9
35, 24, 9
36, 24, 9
37, 24, 9
38, 24, 9
39, 24, 9
40, 24, 9
41, 24, 9
42, 24, 9
43, 24, 9
44, 24, 9
2, 24, 10
3, 24, 10
4, 24, 10
5, 24, 10
6, 24, 10
7, 24, 10
8, 24, 10
9, 24, 10
17, 24, 10
31, 24, 10
39, 24, 10
40, 24, 10
41, 24, 10
42, 24, 10
43, 24, 10
44, 24, 10
45, 24, 10
46, 24, 10
2, 24, 11
3, 24, 11
4, 24, 11
5, 24, 11
6, 24, 11
7, 24, 11
8, 24, 11
18, 24, 11
30, 24, 11
40, 24, 11
41, 24, 11
42, 24, 11
43, 24, 11
44, 24, 11
45, 24, 11
46, 24, 11
2, 24, 12
3, 24, 12
4, 24, 12
5, 24, 12
6, 24, 12
18, 24, 12
30, 24, 12
42, 24, 12
43, 24, 12
44, 24, 12
45, 24, 12
46, 24, 12
18, 24, 13
30, 24, 13
19, 24, 14
29, 24, 14
19, 24, 15
20, 24, 15
21, 24, 15
22, 24, 15
23, 24, 15
24, 24, 15
25, 24, 15
26, 24, 15
27, 24, 15
28, 24, 15
29, 24, 15
20, 25, 3
21, 25, 3
22, 25, 3
23, 25, 3
24, 25, 3
25, 25, 3
26, 25, 3
27, 25, 3
28, 25, 3
5, 25, 4
6, 25, 4
7, 25, 4
8, 25, 4
9, 25, 4
18, 25, 4
19, 25, 4
29, 25, 4
30, 25, 4
39, 25, 4
40, 25, 4
41, 25, 4
42, 25, 4
43, 25, 4
1, 25, 5
2, 25, 5
3, 25, 5
4, 25, 5
10, 25, 5
11, 25, 5
12, 25, 5
13, 25, 5
14, 25, 5
15, 25, 5
16, 25, 5
17, 25, 5
31, 25, 5
32, 25, 5
33, 25, 5
34, 25, 5
35, 25, 5
36, 25, 5
37, 25, 5
38, 25, 5
44, 25, 5
45, 25, 5
46, 25, 5
47, 25, 5
1, 25, 6
2, 25, 6
3, 25, 6
4, 25, 6
44, 25, 6
45, 25, 6
46, 25, 6
47, 25, 6
4, 25, 7
44, 25, 7
4, 25, 8
44, 25, 8
4, 25, 9
11, 25, 9
12, 25, 9
13, 25, 9
35, 25, 9
36, 25, 9
37, 25, 9
44, 25, 9
2, 25, 10
3, 25, 10
10, 25, 10
14, 25, 10
15, 25, 10
16, 25, 10
17, 25, 10
31, 25, 10
32, 25, 10
33, 25, 10
34, 25, 10
38, 25, 10
45, 25, 10
46, 25, 10
2, 25, 11
8, 25, 11
9, 25, 11
18, 25, 11
30, 25, 11
39, 25, 11
40, 25, 11
46, 25, 11
2, 25, 12
3, 25, 12
4, 25, 12
5, 25, 12
6, 25, 12
7, 25, 12
18, 25, 12
30, 25, 12
41, 25, 12
42, 25, 12
43, 25, 12
44, 25, 12
45, 25, 12
46, 25, 12
19, 25, 13
29, 25, 13
19, 25, 14
20, 25, 14
21, 25, 14
22, 25, 14
23, 25, 14
24, 25, 14
25, 25, 14
26, 25, 14
27, 25, 14
28, 25, 14
29, 25, 14
20, 26, 3
21, 26, 3
22, 26, 3
23, 26, 3
24, 26, 3
25, 26, 3
26, 26, 3
27, 26, 3
28, 26, 3
1, 26, 4
2, 26, 4
3, 26, 4
4, 26, 4
5, 26, 4
6, 26, 4
7, 26, 4
8, 26, 4
9, 26, 4
18, 26, 4
19, 26, 4
29, 26, 4
30, 26, 4
39, 26, 4
40, 26, 4
41, 26, 4
42, 26, 4
43, 26, 4
44, 26, 4
45, 26, 4
46, 26, 4
47, 26, 4
0, 26, 5
10, 26, 5
11, 26, 5
12, 26, 5
13, 26, 5
14, 26, 5
15, 26, 5
16, 26, 5
17, 26, 5
31, 26, 5
32, 26, 5
33, 26, 5
34, 26, 5
35, 26, 5
36, 26, 5
37, 26, 5
38, 26, 5
48, 26, 5
0, 26, 6
48, 26, 6
0, 26, 7
1, 26, 7
2, 26, 7
3, 26, 7
45, 26, 7
46, 26, 7
47, 26, 7
48, 26, 7
0, 26, 8
1, 26, 8
2, 26, 8
3, 26, 8
45, 26, 8
46, 26, 8
47, 26, 8
48, 26, 8
0, 26, 9
1, 26, 9
2, 26, 9
3, 26, 9
11, 26, 9
12, 26, 9
13, 26, 9
35, 26, 9
36, 26, 9
37, 26, 9
45, 26, 9
46, 26, 9
47, 26, 9
48, 26, 9
0, 26, 10
1, 26, 10
10, 26, 10
14, 26, 10
15, 26, 10
16, 26, 10
17, 26, 10
31, 26, 10
32, 26, 10
33, 26, 10
34, 26, 10
38, 26, 10
47, 26, 10
48, 26, 10
2, 26, 11
3, 26, 11
4, 26, 11
7, 26, 11
8, 26, 11
9, 26, 11
18, 26, 11
30, 26, 11
39, 26, 11
40, 26, 11
41, 26, 11
44, 26, 11
45, 26, 11
46, 26, 11
2, 26, 12
3, 26, 12
4, 26, 12
5, 26, 12
6, 26, 12
19, 26, 12
29, 26, 12
42, 26, 12
43, 26, 12
44, 26, 12
45, 26, 12
46, 26, 12
19, 26, 13
20, 26, 13
23, 26, 13
24, 26, 13
25, 26, 13
28, 26, 13
29, 26, 13
21, 26, 14
22, 26, 14
26, 26, 14
27, 26, 14
22, 27, 3
23, 27, 3
25, 27, 3
26, 27, 3
1, 27, 4
2, 27, 4
3, 27, 4
4, 27, 4
5, 27, 4
6, 27, 4
7, 27, 4
8, 27, 4
9, 27, 4
19, 27, 4
20, 27, 4
21, 27, 4
24, 27, 4
27, 27, 4
28, 27, 4
29, 27, 4
39, 27, 4
40, 27, 4
41, 27, 4
42, 27, 4
43, 27, 4
44, 27, 4
45, 27, 4
46, 27, 4
47, 27, 4
0, 27, 5
10, 27, 5
11, 27, 5
12, 27, 5
13, 27, 5
14, 27, 5
15, 27, 5
16, 27, 5
17, 27, 5
18, 27, 5
30, 27, 5
31, 27, 5
32, 27, 5
33, 27, 5
34, 27, 5
35, 27, 5
36, 27, 5
37, 27, 5
38, 27, 5
48, 27, 5
0, 27, 6
48, 27, 6
0, 27, 7
48, 27, 7
0, 27, 8
48, 27, 8
0, 27, 9
11, 27, 9
12, 27, 9
13, 27, 9
14, 27, 9
15, 27, 9
33, 27, 9
34, 27, 9
35, 27, 9
36, 27, 9
37, 27, 9
48, 27, 9
0, 27, 10
1, 27, 10
2, 27, 10
3, 27, 10
4, 27, 10
10, 27, 10
16, 27, 10
17, 27, 10
18, 27, 10
30, 27, 10
31, 27, 10
32, 27, 10
38, 27, 10
44, 27, 10
45, 27, 10
46, 27, 10
47, 27, 10
48, 27, 10
5, 27, 11
6, 27, 11
7, 27, 11
8, 27, 11
9, 27, 11
19, 27, 11
29, 27, 11
39, 27, 11
40, 27, 11
41, 27, 11
42, 27, 11
43, 27, 11
19, 27, 12
20, 27, 12
28, 27, 12
29, 27, 12
21, 27, 13
22, 27, 13
26, 27, 13
27, 27, 13
23, 27, 14
24, 27, 14
25, 27, 14
4, 28, 4
5, 28, 4
6, 28, 4
20, 28, 4
21, 28, 4
22, 28, 4
23, 28, 4
24, 28, 4
25, 28, 4
26, 28, 4
27, 28, 4
28, 28, 4
42, 28, 4
43, 28, 4
44, 28, 4
0, 28, 5
1, 28, 5
2, 28, 5
3, 28, 5
4, 28, 5
5, 28, 5
6, 28, 5
7, 28, 5
8, 28, 5
9, 28, 5
10, 28, 5
17, 28, 5
18, 28, 5
19, 28, 5
20, 28, 5
28, 28, 5
29, 28, 5
30, 28, 5
31, 28, 5
38, 28, 5
39, 28, 5
40, 28, 5
41, 28, 5
42, 28, 5
43, 28, 5
44, 28, 5
45, 28, 5
46, 28, 5
47, 28, 5
48, 28, 5
0, 28, 6
1, 28, 6
2, 28, 6
3, 28, 6
8, 28, 6
9, 28, 6
10, 28, 6
11, 28, 6
12, 28, 6
13, 28, 6
14, 28, 6
15, 28, 6
16, 28, 6
17, 28, 6
18, 28, 6
19, 28, 6
29, 28, 6
30, 28, 6
31, 28, 6
32, 28, 6
33, 28, 6
34, 28, 6
35, 28, 6
36, 28, 6
37, 28, 6
38, 28, 6
39, 28, 6
40, 28, 6
45, 28, 6
46, 28, 6
47, 28, 6
48, 28, 6
0, 28, 7
1, 28, 7
2, 28, 7
3, 28, 7
10, 28, 7
11, 28, 7
12, 28, 7
13, 28, 7
14, 28, 7
15, 28, 7
16, 28, 7
17, 28, 7
18, 28, 7
19, 28, 7
29, 28, 7
30, 28, 7
31, 28, 7
32, 28, 7
33, 28, 7
34, 28, 7
35, 28, 7
36, 28, 7
37, 28, 7
38, 28, 7
45, 28, 7
46, 28, 7
47, 28, 7
48, 28, 7
0, 28, 8
1, 28, 8
2, 28, 8
3, 28, 8
8, 28, 8
10, 28, 8
11, 28, 8
12, 28, 8
13, 28, 8
14, 28, 8
15, 28, 8
16, 28, 8
17, 28, 8
18, 28, 8
30, 28, 8
31, 28, 8
32, 28, 8
33, 28, 8
34, 28, 8
35, 28, 8
36, 28, 8
37, 28, 8
38, 28, 8
40, 28, 8
45, 28, 8
46, 28, 8
47, 28, 8
48, 28, 8
0, 28, 9
1, 28, 9
2, 28, 9
3, 28, 9
4, 28, 9
8, 28, 9
9, 28, 9
10, 28, 9
12, 28, 9
13, 28, 9
14, 28, 9
15, 28, 9
16, 28, 9
17, 28, 9
18, 28, 9
30, 28, 9
31, 28, 9
32, 28, 9
33, 28, 9
34, 28, 9
35, 28, 9
36, 28, 9
38, 28, 9
39, 28, 9
40, 28, 9
44, 28, 9
45, 28, 9
46, 28, 9
47, 28, 9
48, 28, 9
0, 28, 10
1, 28, 10
2, 28, 10
3, 28, 10
4, 28, 10
5, 28, 10
6, 28, 10
7, 28, 10
8, 28, 10
9, 28, 10
19, 28, 10
29, 28, 10
39, 28, 10
40, 28, 10
41, 28, 10
42, 28, 10
43, 28, 10
44, 28, 10
45, 28, 10
46, 28, 10
47, 28, 10
48, 28, 10
5, 28, 11
19, 28, 11
20, 28, 11
28, 28, 11
29, 28, 11
43, 28, 11
21, 28, 12
27, 28, 12
21, 28, 13
27, 28, 13
22, 28, 14
23, 28, 14
24, 28, 14
25, 28, 14
26, 28, 14
22, 29, 4
23, 29, 4
25, 29, 4
26, 29, 4
21, 29, 5
24, 29, 5
27, 29, 5
4, 29, 6
5, 29, 6
6, 29, 6
7, 29, 6
20, 29, 6
28, 29, 6
41, 29, 6
42, 29, 6
43, 29, 6
44, 29, 6
4, 29, 7
5, 29, 7
6, 29, 7
7, 29, 7
8, 29, 7
9, 29, 7
20, 29, 7
28, 29, 7
39, 29, 7
40, 29, 7
41, 29, 7
42, 29, 7
43, 29, 7
44, 29, 7
4, 29, 8
5, 29, 8
6, 29, 8
7, 29, 8
9, 29, 8
19, 29, 8
29, 29, 8
39, 29, 8
41, 29, 8
42, 29, 8
43, 29, 8
44, 29, 8
5, 29, 9
6, 29, 9
7, 29, 9
19, 29, 9
29, 29, 9
41, 29, 9
42, 29, 9
43, 29, 9
19, 29, 10
29, 29, 10
19, 29, 11
29, 29, 11
19, 29, 12
20, 29, 12
28, 29, 12
29, 29, 12
20, 29, 13
28, 29, 13
20, 29, 14
21, 29, 14
27, 29, 14
28, 29, 14
22, 29, 15
23, 29, 15
24, 29, 15
25, 29, 15
26, 29, 15
21, 30, 2
22, 30, 2
23, 30, 2
25, 30, 2
26, 30, 2
27, 30, 2
21, 30, 3
22, 30, 3
23, 30, 3
24, 30, 3
25, 30, 3
26, 30, 3
27, 30, 3
19, 30, 4
20, 30, 4
21, 30, 4
24, 30, 4
27, 30, 4
28, 30, 4
29, 30, 4
19, 30, 5
20, 30, 5
28, 30, 5
29, 30, 5
19, 30, 6
29, 30, 6
19, 30, 7
29, 30, 7
18, 30, 8
30, 30, 8
18, 30, 9
30, 30, 9
18, 30, 10
30, 30, 10
18, 30, 11
30, 30, 11
18, 30, 12
30, 30, 12
19, 30, 13
29, 30, 13
19, 30, 14
20, 30, 14
28, 30, 14
29, 30, 14
21, 30, 15
27, 30, 15
22, 30, 16
23, 30, 16
24, 30, 16
25, 30, 16
26, 30, 16
21, 31, 2
22, 31, 2
23, 31, 2
25, 31, 2
26, 31, 2
27, 31, 2
18, 31, 3
19, 31, 3
20, 31, 3
24, 31, 3
28, 31, 3
29, 31, 3
30, 31, 3
18, 31, 4
30, 31, 4
18, 31, 5
30, 31, 5
19, 31, 6
29, 31, 6
17, 31, 7
18, 31, 7
30, 31, 7
31, 31, 7
18, 31, 8
30, 31, 8
18, 31, 9
30, 31, 9
18, 31, 10
30, 31, 10
18, 31, 11
30, 31, 11
18, 31, 12
30, 31, 12
18, 31, 13
30, 31, 13
19, 31, 14
29, 31, 14
20, 31, 15
28, 31, 15
20, 31, 16
21, 31, 16
27, 31, 16
28, 31, 16
22, 31, 17
23, 31, 17
24, 31, 17
25, 31, 17
26, 31, 17
22, 31, 18
23, 31, 18
24, 31, 18
25, 31, 18
26, 31, 18
22, 31, 19
23, 31, 19
24, 31, 19
25, 31, 19
26, 31, 19
21, 32, 2
22, 32, 2
23, 32, 2
24, 32, 2
25, 32, 2
26, 32, 2
27, 32, 2
18, 32, 3
19, 32, 3
20, 32, 3
28, 32, 3
29, 32, 3
30, 32, 3
18, 32, 4
30, 32, 4
17, 32, 5
31, 32, 5
16, 32, 6
17, 32, 6
18, 32, 6
30, 32, 6
31, 32, 6
32, 32, 6
16, 32, 7
32, 32, 7
17, 32, 8
31, 32, 8
18, 32, 9
30, 32, 9
18, 32, 10
30, 32, 10
18, 32, 11
30, 32, 11
18, 32, 12
30, 32, 12
18, 32, 13
30, 32, 13
19, 32, 14
29, 32, 14
19, 32, 15
29, 32, 15
20, 32, 16
28, 32, 16
21, 32, 17
27, 32, 17
21, 32, 18
27, 32, 18
22, 32, 19
23, 32, 19
24, 32, 19
25, 32, 19
26, 32, 19
21, 33, 2
22, 33, 2
23, 33, 2
24, 33, 2
25, 33, 2
26, 33, 2
27, 33, 2
19, 33, 3
20, 33, 3
28, 33, 3
29, 33, 3
19, 33, 4
29, 33, 4
16, 33, 5
17, 33, 5
18, 33, 5
30, 33, 5
31, 33, 5
32, 33, 5
16, 33, 6
32, 33, 6
16, 33, 7
32, 33, 7
17, 33, 8
31, 33, 8
17, 33, 9
31, 33, 9
17, 33, 10
31, 33, 10
17, 33, 11
31, 33, 11
18, 33, 12
30, 33, 12
18, 33, 13
30, 33, 13
19, 33, 14
29, 33, 14
19, 33, 15
20, 33, 15
28, 33, 15
29, 33, 15
21, 33, 16
27, 33, 16
21, 33, 17
27, 33, 17
21, 33, 18
27, 33, 18
21, 33, 19
22, 33, 19
23, 33, 19
24, 33, 19
25, 33, 19
26, 33, 19
27, 33, 19
21, 34, 2
22, 34, 2
23, 34, 2
24, 34, 2
25, 34, 2
26, 34, 2
27, 34, 2
19, 34, 3
20, 34, 3
28, 34, 3
29, 34, 3
18, 34, 4
30, 34, 4
15, 34, 5
16, 34, 5
17, 34, 5
31, 34, 5
32, 34, 5
33, 34, 5
15, 34, 6
33, 34, 6
15, 34, 7
16, 34, 7
32, 34, 7
33, 34, 7
17, 34, 8
31, 34, 8
17, 34, 9
31, 34, 9
17, 34, 10
31, 34, 10
17, 34, 11
31, 34, 11
18, 34, 12
30, 34, 12
18, 34, 13
30, 34, 13
19, 34, 14
29, 34, 14
19, 34, 15
20, 34, 15
28, 34, 15
29, 34, 15
21, 34, 16
27, 34, 16
21, 34, 17
27, 34, 17
21, 34, 18
27, 34, 18
22, 34, 19
23, 34, 19
24, 34, 19
25, 34, 19
26, 34, 19
20, 35, 1
21, 35, 1
22, 35, 1
23, 35, 1
24, 35, 1
25, 35, 1
26, 35, 1
27, 35, 1
28, 35, 1
19, 35, 2
20, 35, 2
28, 35, 2
29, 35, 2
18, 35, 3
30, 35, 3
18, 35, 4
30, 35, 4
15, 35, 5
16, 35, 5
17, 35, 5
31, 35, 5
32, 35, 5
33, 35, 5
15, 35, 6
33, 35, 6
15, 35, 7
33, 35, 7
16, 35, 8
32, 35, 8
17, 35, 9
31, 35, 9
17, 35, 10
31, 35, 10
17, 35, 11
31, 35, 11
18, 35, 12
30, 35, 12
19, 35, 13
29, 35, 13
20, 35, 14
28, 35, 14
21, 35, 15
27, 35, 15
22, 35, 16
23, 35, 16
24, 35, 16
25, 35, 16
26, 35, 16
22, 35, 17
23, 35, 17
24, 35, 17
25, 35, 17
26, 35, 17
22, 35, 18
23, 35, 18
24, 35, 18
25, 35, 18
26, 35, 18
23, 35, 19
24, 35, 19
25, 35, 19
21, 36, 0
22, 36, 0
23, 36, 0
24, 36, 0
25, 36, 0
26, 36, 0
27, 36, 0
19, 36, 1
20, 36, 1
28, 36, 1
29, 36, 1
18, 36, 2
30, 36, 2
17, 36, 3
31, 36, 3
17, 36, 4
31, 36, 4
15, 36, 5
16, 36, 5
32, 36, 5
33, 36, 5
15, 36, 6
33, 36, 6
15, 36, 7
33, 36, 7
16, 36, 8
32, 36, 8
17, 36, 9
31, 36, 9
17, 36, 10
31, 36, 10
17, 36, 11
31, 36, 11
18, 36, 12
30, 36, 12
19, 36, 13
29, 36, 13
19, 36, 14
20, 36, 14
28, 36, 14
29, 36, 14
21, 36, 15
22, 36, 15
23, 36, 15
24, 36, 15
25, 36, 15
26, 36, 15
27, 36, 15
20, 37, 0
21, 37, 0
22, 37, 0
23, 37, 0
24, 37, 0
25, 37, 0
26, 37, 0
27, 37, 0
28, 37, 0
19, 37, 1
29, 37, 1
18, 37, 2
30, 37, 2
17, 37, 3
31, 37, 3
17, 37, 4
31, 37, 4
16, 37, 5
32, 37, 5
15, 37, 6
33, 37, 6
15, 37, 7
33, 37, 7
16, 37, 8
32, 37, 8
16, 37, 9
32, 37, 9
17, 37, 10
31, 37, 10
17, 37, 11
31, 37, 11
17, 37, 12
31, 37, 12
17, 37, 13
18, 37, 13
30, 37, 13
31, 37, 13
17, 37, 14
18, 37, 14
30, 37, 14
31, 37, 14
18, 37, 15
19, 37, 15
20, 37, 15
21, 37, 15
22, 37, 15
23, 37, 15
24, 37, 15
25, 37, 15
26, 37, 15
27, 37, 15
28, 37, 15
29, 37, 15
30, 37, 15
18, 37, 16
19, 37, 16
29, 37, 16
30, 37, 16
20, 38, 0
21, 38, 0
22, 38, 0
23, 38, 0
24, 38, 0
25, 38, 0
26, 38, 0
27, 38, 0
28, 38, 0
19, 38, 1
29, 38, 1
18, 38, 2
30, 38, 2
17, 38, 3
31, 38, 3
17, 38, 4
31, 38, 4
16, 38, 5
32, 38, 5
16, 38, 6
32, 38, 6
16, 38, 7
32, 38, 7
16, 38, 8
32, 38, 8
16, 38, 9
32, 38, 9
16, 38, 10
32, 38, 10
16, 38, 11
32, 38, 11
17, 38, 12
31, 38, 12
17, 38, 13
31, 38, 13
17, 38, 14
31, 38, 14
18, 38, 15
24, 38, 15
30, 38, 15
18, 38, 16
20, 38, 16
21, 38, 16
22, 38, 16
23, 38, 16
25, 38, 16
26, 38, 16
27, 38, 16
28, 38, 16
30, 38, 16
18, 38, 17
19, 38, 17
20, 38, 17
21, 38, 17
22, 38, 17
26, 38, 17
27, 38, 17
28, 38, 17
29, 38, 17
30, 38, 17
19, 38, 18
20, 38, 18
21, 38, 18
22, 38, 18
26, 38, 18
27, 38, 18
28, 38, 18
29, 38, 18
21, 38, 19
27, 38, 19
20, 39, 0
21, 39, 0
22, 39, 0
23, 39, 0
24, 39, 0
25, 39, 0
26, 39, 0
27, 39, 0
28, 39, 0
19, 39, 1
29, 39, 1
18, 39, 2
19, 39, 2
29, 39, 2
30, 39, 2
17, 39, 3
31, 39, 3
17, 39, 4
31, 39, 4
16, 39, 5
32, 39, 5
16, 39, 6
32, 39, 6
16, 39, 7
32, 39, 7
16, 39, 8
32, 39, 8
16, 39, 9
32, 39, 9
16, 39, 10
32, 39, 10
16, 39, 11
32, 39, 11
17, 39, 12
31, 39, 12
17, 39, 13
31, 39, 13
18, 39, 14
30, 39, 14
18, 39, 15
30, 39, 15
18, 39, 16
24, 39, 16
30, 39, 16
18, 39, 17
19, 39, 17
23, 39, 17
24, 39, 17
25, 39, 17
29, 39, 17
30, 39, 17
19, 39, 18
23, 39, 18
24, 39, 18
25, 39, 18
29, 39, 18
20, 39, 19
21, 39, 19
22, 39, 19
23, 39, 19
24, 39, 19
25, 39, 19
26, 39, 19
27, 39, 19
28, 39, 19
22, 40, 0
23, 40, 0
24, 40, 0
25, 40, 0
26, 40, 0
20, 40, 1
21, 40, 1
22, 40, 1
23, 40, 1
24, 40, 1
25, 40, 1
26, 40, 1
27, 40, 1
28, 40, 1
20, 40, 2
21, 40, 2
22, 40, 2
23, 40, 2
25, 40, 2
26, 40, 2
27, 40, 2
28, 40, 2
18, 40, 3
19, 40, 3
29, 40, 3
30, 40, 3
17, 40, 4
31, 40, 4
17, 40, 5
31, 40, 5
16, 40, 6
32, 40, 6
16, 40, 7
32, 40, 7
16, 40, 8
32, 40, 8
16, 40, 9
32, 40, 9
16, 40, 10
32, 40, 10
16, 40, 11
32, 40, 11
17, 40, 12
31, 40, 12
17, 40, 13
31, 40, 13
18, 40, 14
30, 40, 14
19, 40, 15
29, 40, 15
19, 40, 16
20, 40, 16
28, 40, 16
29, 40, 16
20, 40, 17
21, 40, 17
22, 40, 17
23, 40, 17
25, 40, 17
26, 40, 17
27, 40, 17
28, 40, 17
20, 40, 18
21, 40, 18
22, 40, 18
23, 40, 18
24, 40, 18
25, 40, 18
26, 40, 18
27, 40, 18
28, 40, 18
21, 40, 19
22, 40, 19
23, 40, 19
24, 40, 19
25, 40, 19
26, 40, 19
27, 40, 19
24, 41, 2
19, 41, 3
20, 41, 3
21, 41, 3
22, 41, 3
23, 41, 3
25, 41, 3
26, 41, 3
27, 41, 3
28, 41, 3
29, 41, 3
18, 41, 4
30, 41, 4
17, 41, 5
31, 41, 5
17, 41, 6
31, 41, 6
16, 41, 7
32, 41, 7
16, 41, 8
32, 41, 8
16, 41, 9
32, 41, 9
16, 41, 10
32, 41, 10
17, 41, 11
31, 41, 11
17, 41, 12
31, 41, 12
17, 41, 13
31, 41, 13
18, 41, 14
30, 41, 14
19, 41, 15
20, 41, 15
28, 41, 15
29, 41, 15
21, 41, 16
22, 41, 16
23, 41, 16
25, 41, 16
26, 41, 16
27, 41, 16
24, 41, 17
21, 42, 3
22, 42, 3
23, 42, 3
24, 42, 3
25, 42, 3
26, 42, 3
27, 42, 3
19, 42, 4
20, 42, 4
28, 42, 4
29, 42, 4
18, 42, 5
30, 42, 5
17, 42, 6
31, 42, 6
17, 42, 7
31, 42, 7
17, 42, 8
31, 42, 8
17, 42, 9
31, 42, 9
17, 42, 10
31, 42, 10
17, 42, 11
31, 42, 11
17, 42, 12
31, 42, 12
17, 42, 13
31, 42, 13
18, 42, 14
30, 42, 14
19, 42, 15
20, 42, 15
28, 42, 15
29, 42, 15
21, 42, 16
22, 42, 16
23, 42, 16
24, 42, 16
25, 42, 16
26, 42, 16
27, 42, 16
21, 43, 4
22, 43, 4
23, 43, 4
24, 43, 4
25, 43, 4
26, 43, 4
27, 43, 4
19, 43, 5
20, 43, 5
21, 43, 5
22, 43, 5
23, 43, 5
24, 43, 5
25, 43, 5
26, 43, 5
27, 43, 5
28, 43, 5
29, 43, 5
18, 43, 6
30, 43, 6
17, 43, 7
18, 43, 7
30, 43, 7
31, 43, 7
17, 43, 8
31, 43, 8
17, 43, 9
31, 43, 9
17, 43, 10
31, 43, 10
17, 43, 11
31, 43, 11
17, 43, 12
31, 43, 12
18, 43, 13
30, 43, 13
18, 43, 14
30, 43, 14
19, 43, 15
20, 43, 15
28, 43, 15
29, 43, 15
21, 43, 16
22, 43, 16
23, 43, 16
24, 43, 16
25, 43, 16
26, 43, 16
27, 43, 16
19, 44, 6
20, 44, 6
21, 44, 6
22, 44, 6
23, 44, 6
24, 44, 6
25, 44, 6
26, 44, 6
27, 44, 6
28, 44, 6
29, 44, 6
19, 44, 7
20, 44, 7
28, 44, 7
29, 44, 7
18, 44, 8
30, 44, 8
18, 44, 9
30, 44, 9
18, 44, 10
30, 44, 10
18, 44, 11
30, 44, 11
18, 44, 12
30, 44, 12
18, 44, 13
30, 44, 13
19, 44, 14
29, 44, 14
19, 44, 15
20, 44, 15
28, 44, 15
29, 44, 15
21, 44, 16
22, 44, 16
23, 44, 16
24, 44, 16
25, 44, 16
26, 44, 16
27, 44, 16
21, 45, 7
22, 45, 7
23, 45, 7
24, 45, 7
25, 45, 7
26, 45, 7
27, 45, 7
19, 45, 8
20, 45, 8
21, 45, 8
22, 45, 8
23, 45, 8
24, 45, 8
25, 45, 8
26, 45, 8
27, 45, 8
28, 45, 8
29, 45, 8
19, 45, 9
20, 45, 9
21, 45, 9
27, 45, 9
28, 45, 9
29, 45, 9
19, 45, 10
29, 45, 10
19, 45, 11
29, 45, 11
19, 45, 12
29, 45, 12
19, 45, 13
29, 45, 13
20, 45, 14
28, 45, 14
21, 45, 15
27, 45, 15
22, 45, 16
23, 45, 16
24, 45, 16
25, 45, 16
26, 45, 16
22, 46, 9
23, 46, 9
24, 46, 9
25, 46, 9
26, 46, 9
20, 46, 10
21, 46, 10
22, 46, 10
23, 46, 10
24, 46, 10
25, 46, 10
26, 46, 10
27, 46, 10
28, 46, 10
20, 46, 11
21, 46, 11
22, 46, 11
23, 46, 11
24, 46, 11
25, 46, 11
26, 46, 11
27, 46, 11
28, 46, 11
20, 46, 12
21, 46, 12
22, 46, 12
23, 46, 12
24, 46, 12
25, 46, 12
26, 46, 12
27, 46, 12
28, 46, 12
20, 46, 13
21, 46, 13
22, 46, 13
23, 46, 13
24, 46, 13
25, 46, 13
26, 46, 13
27, 46, 13
28, 46, 13
21, 46, 14
22, 46, 14
23, 46, 14
24, 46, 14
25, 46, 14
26, 46, 14
27, 46, 14
22, 46, 15
23, 46, 15
24, 46, 15
25, 46, 15
26, 46, 15